1579	2
0	0.4859958354266334	19	19	63	0.004228282585245324	0.08333333333333333
1	3.3869885380582185E-8	4	19	63	2.9467628337442875E-10	0.08333333333333333
2	0.005999948585513992	15	19	63	5.220101957092993E-5	0.08333333333333333
3	6.666609539459991E-4	13	19	63	5.800113285658881E-6	0.08333333333333333
4	0.4859958354266334	19	19	63	0.004228282585245324	0.08333333333333333
5	6.666609539459991E-4	13	19	63	5.800113285658881E-6	0.08333333333333333
6	0.001999982861837997	14	19	63	1.7400339856976643E-5	0.08333333333333333
7	0.017999845756541975	16	19	63	1.566030587127898E-4	0.08333333333333333
8	3.048289684252397E-7	6	19	63	2.6520865503698587E-9	0.08333333333333333
9	6.666609539459991E-4	13	19	63	5.800113285658881E-6	0.08333333333333333
10	8.230382147481471E-6	9	19	63	7.160633685998619E-8	0.08333333333333333
null
MaxIntensPeak:1302.03
676.11	95.71851055587467	[0, 1, 2, 4, 6, 7, 8, 9, 10]	1.2902695312500012	2
1075.1	170.83978275714244	[0, 2, 3, 4, 5]	0.9518173076923078	2
1084.1	176.6476530451447	[0, 2, 3, 4, 5, 6, 7, 9, 10]	0.5451237537401062	2
1303.03	915.5748183994754	[0, 2, 3, 4, 5, 6, 7, 9, 10]	1.3689197303921643	2
1362.02	183.1202561257877	[0, 1, 2, 3, 4, 5, 6, 7, 8, 9, 10]	0.6478732215812115	2

