1987	2
0	0.32646483187191083	29	29	60	2.3810945356001964E-4	0.1111111111111111
1	4.478255581233345E-4	23	29	60	3.266247648285592E-7	0.1111111111111111
2	0.00403043002311001	25	29	60	2.9396228834570326E-6	0.1111111111111111
3	0.32646483187191083	29	29	60	2.3810945356001964E-4	0.1111111111111111
4	5.528710594115241E-6	19	29	60	4.032404504056286E-9	0.1111111111111111
5	0.32646483187191083	29	29	60	2.3810945356001964E-4	0.1111111111111111
6	0.01209129006933003	26	29	60	8.818868650371098E-6	0.1111111111111111
7	0.00403043002311001	25	29	60	2.9396228834570326E-6	0.1111111111111111
null
MaxIntensPeak:1710.66
871.32	204.98538519100313	[0, 2, 3, 4, 5, 6, 7]	1.7265705882352962	2
1483.57	187.73141241322165	[0, 1, 2, 3, 4, 5, 6, 7]	1.3978499999999994	2
1492.57	232.1111071120745	[0, 1, 2, 3, 4, 5, 6, 7]	0.5929278168905775	2
1565.6	118.71427212495588	[0, 1, 2, 3, 4, 5, 6, 7]	1.1887971221441358	2
1710.66	1000.0	[0, 1, 2, 3, 4, 5, 6, 7]	1.3978499999999994	2

