2151	2
0	0.23076923076923078	10	10	16	0.056313514709472656	0.2
1	0.23076923076923078	10	10	16	0.056313514709472656	0.2
2	0.23076923076923078	10	10	16	0.056313514709472656	0.2
3	0.23076923076923078	10	10	16	0.056313514709472656	0.2
4	0.07692307692307693	9	10	16	0.01877117156982422	0.2
MaxIntensPeak:1893.48
1356.33	235.34379731477185	[0, 1, 2, 3, 4]	0.5532376818242349	2
1374.32	283.09136804201825	[0, 1, 2, 3, 4]	0.6137808284338958	2
1615.4	182.96665958706535	[0, 1, 2, 3, 4]	0.16357177426174654	2
1633.41	128.4399478454338	[0, 1, 2, 3, 4]	0.39512910622863423	2
1893.48	1000.0	[0, 1, 2, 3, 4]	0.6214821721311673	2

